# This file may be used to create an environment using:
# $ conda create --name <env> --file <this file>
# platform: win-64
# created-by: conda 25.1.1
_python_abi3_support=1.0=hd8ed1ab_2
aiofiles=24.1.0=pyhd8ed1ab_1
aiohappyeyeballs=2.6.1=pyhd8ed1ab_0
aiohttp=3.12.15=py312h05f76fc_0
aiosignal=1.4.0=pyhd8ed1ab_0
asttokens=3.0.0=pyhd8ed1ab_1
attrs=25.3.0=pyh71513ae_0
brotli-python=1.1.0=py312h275cf98_3
bzip2=1.0.8=h2466b09_7
ca-certificates=2025.8.3=h4c7d964_0
certifi=2025.8.3=pyhd8ed1ab_0
cffi=1.17.1=py312h4389bb4_0
charset-normalizer=3.4.3=pyhd8ed1ab_0
colorama=0.4.6=pyhd8ed1ab_1
comm=0.2.3=pyhe01879c_0
cpython=3.12.11=py312hd8ed1ab_0
debugpy=1.8.16=py312ha1a9051_0
decorator=5.2.1=pyhd8ed1ab_0
exceptiongroup=1.3.0=pyhd8ed1ab_0
executing=2.2.0=pyhd8ed1ab_0
frozenlist=1.7.0=py312hfdf67e6_0
h2=4.2.0=pyhd8ed1ab_0
hpack=4.1.0=pyhd8ed1ab_0
hyperframe=6.1.0=pyhd8ed1ab_0
idna=3.10=pyhd8ed1ab_1
importlib-metadata=8.7.0=pyhe01879c_1
ipykernel=6.30.1=pyh3521513_0
ipython=9.4.0=pyh6be1c34_0
ipython_pygments_lexers=1.1.1=pyhd8ed1ab_0
jedi=0.19.2=pyhd8ed1ab_1
jupyter_client=8.6.3=pyhd8ed1ab_1
jupyter_core=5.8.1=pyh5737063_0
krb5=1.21.3=hdf4eb48_0
libexpat=2.7.1=hac47afa_0
libffi=3.4.6=h537db12_1
liblzma=5.8.1=h2466b09_2
liblzma-devel=5.8.1=h2466b09_2
libsodium=1.0.20=hc70643c_0
libsqlite=3.50.4=hf5d6505_0
libzlib=1.3.1=h2466b09_2
matplotlib-inline=0.1.7=pyhd8ed1ab_1
multidict=6.6.3=py312h05f76fc_0
nest-asyncio=1.6.0=pyhd8ed1ab_1
openssl=3.5.2=h725018a_0
packaging=25.0=pyh29332c3_1
parso=0.8.5=pyhcf101f3_0
pickleshare=0.7.5=pyhd8ed1ab_1004
pip=25.2=pyh8b19718_0
platformdirs=4.3.8=pyhe01879c_0
prompt-toolkit=3.0.51=pyha770c72_0
propcache=0.3.1=py312h31fea79_0
psutil=7.0.0=py312he06e257_1
pure_eval=0.2.3=pyhd8ed1ab_1
pycparser=2.22=pyh29332c3_1
pygments=2.19.2=pyhd8ed1ab_0
pysocks=1.7.1=pyh09c184e_7
python=3.12.3=h2628c8c_0_cpython
python-dateutil=2.9.0.post0=pyhe01879c_2
python-gil=3.12.11=hd8ed1ab_0
python_abi=3.12=8_cp312
pywin32=311=py312h829343e_0
pyzmq=27.0.2=py312hbb5da91_2
requests=2.32.5=pyhd8ed1ab_0
setuptools=80.9.0=pyhff2d567_0
six=1.17.0=pyhe01879c_1
stack_data=0.6.3=pyhd8ed1ab_1
tk=8.6.13=h2c6b04d_2
tornado=6.5.2=py312he06e257_0
traitlets=5.14.3=pyhd8ed1ab_1
typing_extensions=4.14.1=pyhe01879c_0
tzdata=2025b=h78e105d_0
ucrt=10.0.22621.0=h57928b3_1
urllib3=2.5.0=pyhd8ed1ab_0
vc=14.3=h41ae7f8_31
vc14_runtime=14.44.35208=h818238b_31
vcomp14=14.44.35208=h818238b_31
wcwidth=0.2.13=pyhd8ed1ab_1
wheel=0.45.1=pyhd8ed1ab_1
win_inet_pton=1.1.0=pyh7428d3b_8
xz=5.8.1=h208afaa_2
xz-tools=5.8.1=h2466b09_2
yarl=1.20.1=py312h31fea79_0
zeromq=4.3.5=ha9f60a1_7
zipp=3.23.0=pyhd8ed1ab_0
zstandard=0.23.0=py312he06e257_3
